serial	0.0005538	0.0043464	0.0146104	0.0344838	0.0672102	0.116443	0.187959	0.287018	0.404609	0.555386	0.741271	0.962585	1.22488	1.52872	1.88119	2.28692	2.73443	3.2406	3.80968	4.43892	5.13503	5.89403	6.73586	7.65812	8.6287	9.70408	10.8713	12.114	13.4458	14.8733	16.4203	18.1643
neonAlignedMLS	0.0003906	0.0029472	0.0098934	0.0232804	0.0452068	0.0777124	0.123018	0.183465	0.260597	0.35713	0.474809	0.617618	0.782107	0.9766	1.20081	1.46122	1.75249	2.07746	2.44176	2.84958	3.28621	3.77992	4.31481	4.90992	5.55376	6.26544	7.01852	7.86425	8.71792	9.65061	10.6474	11.7894
pthreadNeon	0.0051214	0.0103602	0.0164432	0.0230782	0.0403416	0.0513466	0.063383	0.0825328	0.1066	0.128449	0.157034	0.183935	0.230128	0.338369	0.419313	0.342091	0.63207	0.66262	0.781787	0.673265	1.02278	1.09262	1.15085	0.834766	1.32969	1.27947	1.44928	1.48959	1.68058	1.89156	2.04821	1.72201
openmpBlockCyclicDynamic	0.0011962	0.0030254	0.0061286	0.0111634	0.0187084	0.030758	0.0465058	0.061003	0.0893408	0.114583	0.150366	0.19327	0.252539	0.308886	0.373702	0.449416	0.54727	0.627708	0.749889	0.856788	0.99267	1.13634	1.29788	1.48497	1.65502	1.84335	2.06395	2.38519	2.52365	2.80365	3.14854	3.4202
serial	neonAlignedMLS	pthreadNeon	openmpBlockCyclicDynamic																													
0.0005538	0.0003906	0.0051214	0.0011962																													
0.0043464	0.0029472	0.0103602	0.0030254																													
0.0146104	0.0098934	0.0164432	0.0061286																													
0.0344838	0.0232804	0.0230782	0.0111634																													
0.0672102	0.0452068	0.0403416	0.0187084																													
0.116443	0.0777124	0.0513466	0.030758																													
0.187959	0.123018	0.063383	0.0465058																													
0.287018	0.183465	0.0825328	0.061003																													
0.404609	0.260597	0.1066	0.0893408																													
0.555386	0.35713	0.128449	0.114583																													
0.741271	0.474809	0.157034	0.150366																													
0.962585	0.617618	0.183935	0.19327																													
1.22488	0.782107	0.230128	0.252539																													
1.52872	0.9766	0.338369	0.308886																													
1.88119	1.20081	0.419313	0.373702																													
2.28692	1.46122	0.342091	0.449416																													
2.73443	1.75249	0.63207	0.54727																													
3.2406	2.07746	0.66262	0.627708																													
3.80968	2.44176	0.781787	0.749889																													
4.43892	2.84958	0.673265	0.856788																													
5.13503	3.28621	1.02278	0.99267																													
5.89403	3.77992	1.09262	1.13634																													
6.73586	4.31481	1.15085	1.29788																													
7.65812	4.90992	0.834766	1.48497																													
8.6287	5.55376	1.32969	1.65502																													
9.70408	6.26544	1.27947	1.84335																													
10.8713	7.01852	1.44928	2.06395																													
12.114	7.86425	1.48959	2.38519																													
13.4458	8.71792	1.68058	2.52365																													
14.8733	9.65061	1.89156	2.80365																													
16.4203	10.6474	2.04821	3.14854																													
18.1643	11.7894	1.72201	3.4202																													
